-0.001181
-0.004635
-0.004925
-0.016198
-0.024414
-0.026882
-0.030143
-0.032034
-0.032788
-0.033610
-0.040517
-0.055732
-0.060271
-0.065140
-0.068433
-0.068712
-0.080723
-0.081357
-0.090810
-0.092073
-0.092211
-0.097593
-0.101801
-0.104660
-0.107491
-0.109030
-0.122771
-0.128679
-0.130217
-0.137445
-0.138002
-0.138104
-0.144702
-0.148885
-0.159017
-0.166264
-0.171342
-0.179620
-0.192467
-0.211288
-0.213296
-0.214848
-0.223997
-0.224592
-0.266346
-0.286627
-0.294644
-0.300218
-0.312286
-0.325843
-0.329049
-0.339257
-0.351542
-0.369195
-0.386845
-0.420114
-0.428931
-0.447015
-0.449220
-0.453758
-0.580645
-0.817059
-1.288904
-1.333904
-1.362700
-1.396724
-1.428889
-1.450726
-1.468958
-1.474085
-1.476872
-1.486641
-1.493065
-1.500424
-1.521044
-1.522154
-1.532592
-1.547679
-1.579628
-1.580657
-1.580961
-1.597191
-1.615748
-1.626441
-1.647083
-1.655903
-1.657955
-1.662910
-1.665657
-1.674330
-1.675287
-1.676971
-1.679523
-1.680023
-1.680613
-1.692953
-1.698955
-1.706207
-1.708961
-1.710927
-1.712610
-1.714258
-1.721190
-1.723368
-1.726368
-1.731818
-1.734511
-1.737576
-1.739071
-1.742116
-1.742193
-1.744816
-1.747994
-1.748664
-1.748834
-1.755810
-1.757606
-1.757810
-1.762558
-1.764666
-1.770970
-1.773817
-1.780424
-1.781760
-1.788378
-1.790019
-1.791920
-1.794439
-1.799645
-1.800526
-1.811863
-1.812158
-1.813578
-1.823780
-1.830398
-1.831997
-1.833418
-1.837645
-1.838199
-1.839752
-1.842446
-1.842822
-1.842973
-1.847797
-1.848008
-1.850202
-1.853657
-1.854001
-1.854721
-1.859404
-1.860420
-1.860807
-1.867712
-1.867733
-1.869113
-1.876121
-1.876187
-1.877941
-1.877981
-1.879954
-1.881819
-1.884678
-1.891954
-1.892157
-1.894415
-1.900278
-1.901368
-1.901499
-1.901683
-1.903753
-1.907663
-1.909776
-1.913160
-1.917900
-1.918016
-1.921287
-1.921951
-1.923021
-1.928324
-1.929696
-1.931864
-1.932252
-1.932463
-1.932511
-1.936628
-1.945402
-1.951701
-1.960864
-1.960957
-1.961227
-1.963467
-1.967560
-1.968470
-1.969089
-1.972523
-1.972685
-1.972794
-1.974348
-1.979772
-1.987228
-1.996832
-1.998667
-2.000983
-2.001174
-2.002495
-2.002765
-2.003012
-2.004316
-2.006121
-2.008060
-2.008813
-2.015532
-2.016118
-2.016977
-2.017059
-2.017573
-2.020054
-2.021455
-2.022119
-2.024212
-2.024903
-2.026905
-2.027881
-2.029372
-2.030779
-2.030808
-2.031907
-2.032150
-2.032188
-2.032322
-2.032557
-2.036261
-2.036573
-2.036913
-2.038064
-2.038839
-2.038989
-2.039060
-2.039443
-2.039637
-2.046207
-2.046427
-2.051254
-2.052061
-2.057186
-2.062249
-2.063926
-2.064172
-2.068175
-2.070453
-2.075370
-2.081228
-2.081954
-2.086850
-2.088568
-2.091002
-2.094201
-2.094491
-2.094553
-2.097460
-2.097795
-2.101010
-2.102374
-2.104162
-2.106664
-2.107129
-2.108512
-2.109455
-2.110343
-2.112737
-2.112897
-2.114358
-2.116494
-2.116519
-2.118200
-2.118290
-2.119481
-2.121255
-2.127288
-2.129425
-2.130323
-2.132820
-2.134065
-2.140268
-2.140598
-2.142815
-2.146476
-2.156957
-2.157260
-2.159014
-2.160676
-2.163500
-2.164228
-2.164761
-2.168588
-2.173022
-2.175054
-2.186979
-2.188488
-2.189694
-2.191145
-2.191864
-2.193638
-2.194899
-2.196393
-2.196544
-2.201011
-2.206822
-2.208679
-2.213173
-2.215290
-2.217274
-2.221787
-2.222559
-2.225603
-2.238915
-2.259461
-2.261149
-2.262976
-2.268315
-2.269528
-2.269880
-2.272824
-2.274757
-2.275246
-2.275617
-2.280701
-2.286879
-2.301053
-2.303317
-2.304951
-2.307853
-2.313655
-2.327026
-2.336979
-2.339706
-2.350662
-2.353504
-2.355808
-2.356137
-2.358075
-2.366905
-2.370431
-2.371372
-2.373485
-2.374627
-2.380788
-2.381266
-2.387430
-2.387590
-2.398911
-2.405844
-2.421276
-2.429564
-2.430507
-2.432236
-2.438604
-2.439816
-2.481406
-2.498556
-2.540212
-2.650331
0.003347
0.014509
0.016264
0.036848
0.039103
0.040913
0.061239
0.066282
0.067044
0.069602
0.080432
0.096863
0.112694
0.135198
0.138398
0.148338
0.162997
0.171497
0.175071
0.178818
0.186396
0.195683
0.212168
0.220873
0.254824
0.272578
0.297679
0.395022
0.406468
0.426208
0.432432
0.435952
0.436062
0.441828
0.513917
0.530516
0.593411
0.603366
1.630785
1.714049
1.743333
1.881702
1.883076
1.896609
1.936563
1.944236
1.945698
1.947237
1.955736
1.968797
1.971887
1.982849
2.005759
2.030329
2.036319
2.040700
2.072979
2.074086
2.074452
2.076388
2.087370
2.090574
2.091732
2.092211
2.107321
2.116727
2.124741
2.125861
2.143503
2.143630
2.166895
2.170458
2.173994
2.175382
2.182352
2.183293
2.185979
2.198273
2.201460
2.202217
2.206406
2.207323
2.207945
2.209572
2.215975
2.222090
2.229763
2.237878
2.238180
2.239744
2.242016
2.242802
2.244248
2.259022
2.261198
2.263372
2.274122
2.275074
2.275836
2.276944
2.281510
2.284225
2.284552
2.284584
2.285846
2.288087
2.288587
2.291511
2.291512
2.295268
2.299735
2.300087
2.303759
2.305439
2.306111
2.308591
2.316553
2.317910
2.318538
2.319737
2.320229
2.331042
2.333211
2.335011
2.335181
2.339475
2.345140
2.349577
2.349610
2.351223
2.352430
2.353731
2.355368
2.357950
2.358512
2.359003
2.359173
2.359177
2.364685
2.372894
2.376525
2.376857
2.382104
2.382921
2.390949
2.392014
2.394249
2.396124
2.396213
2.408886
2.411707
2.414333
2.419424
2.420524
2.422371
2.425243
2.428208
2.430634
2.434511
2.435241
2.437047
2.440107
2.442067
2.442482
2.442723
2.445423
2.446071
2.449598
2.450586
2.452704
2.454483
2.455598
2.457672
2.465145
2.465421
2.472516
2.474421
2.480128
2.481002
2.482920
2.483109
2.484639
2.486126
2.493709
2.495245
2.497046
2.504990
2.506038
2.506452
2.507117
2.507595
2.507684
2.508370
2.509267
2.509416
2.512528
2.519371
2.520607
2.521410
2.521821
2.523867
2.524498
2.530794
2.532815
2.533842
2.536347
2.536963
2.539275
2.540112
2.540636
2.543637
2.544077
2.544099
2.544151
2.545285
2.546513
2.550197
2.552977
2.558883
2.559701
2.565959
2.573387
2.575112
2.575408
2.576821
2.581647
2.582090
2.583490
2.586524
2.587330
2.588506
2.588575
2.588746
2.588750
2.589087
2.589200
2.598948
2.599872
2.600207
2.603532
2.604187
2.605242
2.606230
2.608849
2.609517
2.609640
2.612862
2.618113
2.620166
2.621906
2.622229
2.625731
2.627609
2.630099
2.630252
2.631897
2.633632
2.638846
2.639050
2.640172
2.641101
2.641208
2.642160
2.643256
2.645967
2.649109
2.651017
2.653676
2.656330
2.661013
2.663343
2.671396
2.672954
2.675460
2.675908
2.680901
2.681920
2.683131
2.683489
2.686653
2.688103
2.689083
2.689462
2.690711
2.696105
2.706070
2.707849
2.709981
2.710062
2.710571
2.710783
2.712443
2.714369
2.715613
2.715732
2.716664
2.718980
2.721482
2.721650
2.722148
2.724579
2.724694
2.728965
2.729320
2.729330
2.730281
2.731187
2.734532
2.740150
2.740486
2.741975
2.745767
2.746582
2.751512
2.752976
2.754142
2.754980
2.755749
2.757477
2.757922
2.758338
2.758464
2.759470
2.763603
2.764339
2.764791
2.766463
2.769377
2.769446
2.772056
2.772437
2.780035
2.781314
2.783062
2.791766
2.793831
2.794761
2.796249
2.796430
2.796706
2.797393
2.801668
2.802665
2.803888
2.806465
2.806631
2.811712
2.812097
2.813189
2.816967
2.817952
2.817985
2.818014
2.820384
2.820898
2.821610
2.822933
2.824178
2.824233
2.826581
2.834493
2.836681
2.836915
2.841316
2.845243
2.846266
2.847187
2.847347
2.848390
2.848414
2.852313
2.854867
2.855081
2.857974
2.858819
2.861066
2.866666
2.870211
2.871655
2.874379
2.874885
2.878674
2.880003
2.882108
2.884382
2.884752
2.887123
2.888408
2.888726
2.893807
2.894182
2.894399
2.896291
2.904489
2.904633
2.907503
2.908853
2.915405
2.931139
2.932151
2.933686
2.937342
2.946214
2.947442
2.948964
2.949574
2.955484
2.960512
2.961130
2.965132
2.965724
2.969624
2.977758
2.979959
2.982698
2.985487
2.988181
2.990949
2.991633
2.994920
2.998581
2.999995
3.004825
3.005013
3.005104
3.006192
3.006463
3.008378
3.013273
3.016681
3.018280
3.018534
3.020955
3.027336
3.027826
3.034619
3.038489
3.038592
3.039865
3.042788
3.046985
3.053541
3.056043
3.062255
3.064361
3.065528
3.067972
3.069147
3.069493
3.069500
3.074493
3.081581
3.083907
3.085331
3.090953
3.091679
3.100537
3.102042
3.105488
3.107083
3.108523
3.109227
3.109514
3.110685
3.112276
3.113452
3.124775
3.126508
3.130605
3.137115
3.138868
3.140248
3.140255
3.140567
3.142006
3.145012
3.152236
3.156260
3.160322
3.167119
3.167696
3.169240
3.173014
3.174219
3.175352
3.184144
3.186591
3.188115
3.194519
3.215689
3.220899
3.222250
3.223920
3.224409
3.233426
3.236700
3.238169
3.238618
3.239344
3.247332
3.249584
3.269949
3.270359
3.276815
3.277037
3.277809
3.280497
3.280603
3.285006
3.293067
3.293796
3.306856
3.308411
3.313901
3.315222
3.315519
3.315581
3.316337
3.316474
3.318312
3.321398
3.321696
3.328163
3.330215
3.337743
3.337903
3.342810
3.349736
3.352555
3.352824
3.354508
3.356054
3.358391
3.359310
3.364033
3.368371
3.368929
3.377864
3.378165
3.383680
3.385367
3.385449
3.385534
3.390513
3.391736
3.395320
3.399454
3.402623
3.402673
3.402679
3.406297
3.409119
3.420182
3.422877
3.427431
3.429700
3.435862
3.440902
3.442989
3.452670
3.453738
3.455390
3.467354
3.470655
3.471967
3.482390
3.485677
3.486220
3.490078
3.494866
3.497335
3.498113
3.499064
3.500329
3.502994
3.508787
3.510476
3.510754
3.519510
3.520897
3.534960
3.543123
3.547110
3.560217
3.560726
3.569950
3.581662
3.585495
3.589219
3.593985
3.594413
3.597596
3.600612
3.606717
3.609796
3.623075
3.636417
3.639662
3.644096
3.646136
3.647890
3.655213
3.657620
3.663196
3.670887
3.680304
3.695288
3.702487
3.707426
3.729359
3.735718
3.740365
3.740709
3.747370
3.758678
3.796968
3.819306
3.838557
3.845535
3.850783
3.859785
3.881000
3.889907
3.891354
3.936299
3.938901
3.944105
3.966468
3.993863
4.039833
4.111174
4.196364
4.206234
4.292752
4.297497
4.320023
4.447582
4.562156
