-0.000313
-0.001703
-0.001959
-0.004101
-0.006176
-0.009125
-0.010041
-0.012183
-0.015030
-0.017375
-0.021523
-0.022853
-0.027760
-0.027842
-0.029243
-0.030123
-0.030452
-0.030968
-0.031530
-0.032549
-0.035635
-0.037463
-0.043001
-0.043626
-0.043792
-0.044625
-0.046106
-0.059404
-0.060375
-0.061308
-0.061499
-0.062365
-0.065210
-0.066982
-0.067785
-0.068194
-0.069367
-0.074254
-0.075444
-0.080685
-0.081155
-0.083968
-0.086455
-0.088275
-0.088775
-0.090607
-0.099649
-0.100910
-0.102010
-0.102050
-0.105152
-0.110736
-0.113872
-0.115751
-0.124042
-0.129268
-0.133655
-0.134350
-0.135121
-0.135816
-0.139775
-0.140283
-0.147860
-0.150822
-0.154479
-0.156269
-0.157507
-0.159880
-0.162476
-0.164356
-0.171572
-0.173608
-0.175802
-0.179409
-0.180787
-0.184009
-0.191929
-0.201728
-0.202681
-0.205971
-0.209269
-0.210370
-0.210459
-0.215454
-0.215787
-0.228645
-0.232588
-0.242621
-0.242911
-0.243040
-0.243505
-0.244672
-0.247628
-0.250365
-0.256849
-0.264734
-0.272761
-0.277047
-0.277259
-0.280832
-0.282897
-0.292289
-0.295776
-0.296345
-0.299592
-0.301482
-0.311759
-0.312506
-0.315051
-0.318764
-0.320902
-0.324019
-0.324449
-0.331128
-0.334291
-0.340752
-0.350642
-0.363981
-0.365744
-0.365805
-0.368615
-0.369378
-0.369930
-0.371686
-0.381315
-0.386298
-0.391030
-0.395286
-0.398449
-0.398616
-0.400041
-0.402838
-0.410163
-0.416190
-0.416471
-0.417487
-0.424523
-0.427079
-0.441175
-0.441813
-0.443670
-0.444829
-0.446489
-0.451214
-0.453411
-0.471568
-0.508707
-0.521028
-0.524542
-0.525187
-0.535547
-0.536594
-0.538840
-0.563449
-0.571019
-0.574199
-0.590859
-0.605772
-0.608321
-0.623888
-0.626870
-0.638918
-0.646753
-0.664576
-0.665428
-0.674676
-0.677857
-0.679802
-0.680237
-0.696217
-0.700235
-0.708931
-0.710604
-0.727183
-0.742041
-0.752543
-0.762403
-0.762871
-0.765442
-0.767588
-0.770632
-0.776964
-0.781951
-0.784152
-0.790205
-0.797928
-0.799769
-0.804969
-0.816207
-0.819615
-0.820587
-0.822108
-0.822637
-0.828009
-0.832724
-0.834646
-0.851722
-0.855300
-0.856904
-0.857408
-0.863298
-0.866128
-0.866673
-0.876377
-0.877684
-0.881449
-0.889687
-0.893081
-0.893703
-0.899585
-0.903934
-0.904314
-0.905585
-0.909243
-0.910734
-0.913504
-0.913694
-0.916168
-0.918330
-0.925343
-0.929930
-0.931921
-0.938594
-0.940593
-0.944573
-0.945229
-0.948940
-0.949223
-0.949772
-0.950823
-0.956177
-0.957192
-0.958819
-0.959335
-0.964255
-0.967023
-0.975590
-0.979898
-0.982994
-0.989341
-0.994948
-0.996789
-0.997886
-0.998899
-1.005504
-1.006165
-1.007265
-1.008558
-1.009001
-1.012289
-1.013202
-1.018259
-1.031239
-1.031391
-1.034276
-1.036437
-1.040816
-1.043919
-1.046850
-1.047563
-1.049984
-1.053420
-1.053929
-1.056385
-1.060773
-1.063407
-1.066873
-1.068814
-1.070012
-1.070139
-1.070339
-1.072140
-1.074196
-1.074240
-1.079036
-1.088732
-1.094836
-1.095856
-1.098157
-1.098934
-1.099064
-1.101408
-1.103640
-1.103987
-1.108306
-1.111206
-1.111720
-1.112539
-1.112818
-1.115611
-1.116045
-1.116910
-1.118186
-1.119121
-1.121870
-1.122470
-1.123595
-1.127226
-1.129292
-1.129554
-1.130993
-1.134250
-1.142885
-1.142968
-1.144505
-1.149709
-1.150624
-1.152114
-1.152349
-1.153504
-1.154882
-1.158934
-1.159787
-1.161786
-1.164051
-1.165369
-1.170855
-1.171335
-1.171732
-1.172794
-1.174370
-1.177473
-1.182309
-1.185999
-1.186254
-1.187816
-1.187943
-1.188993
-1.189704
-1.190122
-1.195908
-1.198678
-1.198977
-1.199322
-1.202744
-1.203569
-1.208509
-1.208537
-1.218446
-1.219509
-1.222729
-1.224743
-1.225061
-1.228828
-1.229108
-1.231561
-1.236191
-1.236553
-1.240109
-1.246319
-1.246738
-1.249544
-1.251745
-1.254615
-1.255894
-1.258690
-1.267299
-1.268023
-1.268437
-1.269921
-1.270092
-1.273734
-1.274278
-1.278197
-1.281424
-1.281982
-1.289495
-1.292282
-1.293873
-1.294200
-1.294374
-1.296741
-1.303430
-1.303452
-1.304808
-1.307233
-1.309564
-1.311930
-1.312404
-1.313948
-1.314088
-1.314427
-1.315154
-1.317036
-1.318354
-1.318422
-1.325576
-1.327396
-1.328315
-1.328517
-1.329664
-1.330617
-1.335213
-1.339321
-1.340799
-1.342542
-1.343150
-1.344225
-1.348582
-1.349334
-1.350052
-1.353120
-1.355263
-1.356251
-1.358071
-1.358087
-1.360120
-1.362448
-1.362569
-1.362798
-1.363446
-1.364401
-1.367449
-1.367958
-1.370756
-1.372766
-1.374709
-1.375287
-1.375681
-1.376771
-1.383334
-1.385317
-1.385736
-1.396250
-1.396314
-1.399948
-1.401397
-1.401521
-1.401831
-1.404242
-1.407044
-1.410225
-1.410335
-1.410840
-1.410954
-1.411674
-1.413321
-1.413803
-1.414010
-1.414028
-1.414200
-1.415102
-1.415737
-1.417335
-1.423286
-1.424023
-1.425116
-1.425256
-1.425924
-1.427383
-1.428698
-1.429315
-1.429791
-1.435866
-1.436946
-1.437062
-1.439110
-1.442033
-1.444117
-1.446061
-1.446353
-1.449963
-1.451355
-1.451688
-1.455253
-1.455456
-1.457393
-1.457849
-1.460564
-1.461660
-1.465421
-1.466576
-1.467762
-1.471156
-1.473812
-1.475807
-1.475938
-1.476769
-1.479296
-1.479369
-1.479769
-1.479819
-1.481434
-1.481500
-1.481898
-1.489147
-1.493449
-1.496145
-1.500682
-1.503043
-1.505445
-1.506518
-1.509221
-1.509462
-1.511396
-1.511755
-1.513785
-1.515816
-1.517786
-1.519569
-1.520770
-1.520983
-1.522564
-1.524643
-1.534337
-1.534758
-1.535125
-1.535272
-1.535680
-1.536539
-1.536539
-1.537089
-1.538577
-1.542886
-1.546815
-1.546828
-1.549742
-1.552363
-1.552568
-1.552968
-1.560524
-1.561633
-1.564614
-1.566123
-1.570428
-1.570982
-1.572778
-1.574480
-1.574861
-1.577121
-1.578373
-1.583732
-1.588728
-1.594325
-1.595176
-1.598525
-1.600103
-1.601821
-1.611123
-1.611540
-1.612370
-1.613782
-1.614733
-1.614834
-1.616722
-1.618650
-1.623665
-1.625636
-1.627467
-1.628130
-1.628719
-1.631582
-1.631775
-1.632743
-1.633783
-1.634049
-1.636789
-1.637536
-1.638662
-1.640793
-1.641860
-1.647951
-1.648577
-1.650348
-1.654666
-1.658340
-1.658883
-1.662169
-1.668099
-1.668579
-1.671201
-1.671623
-1.673208
-1.682840
-1.683119
-1.686062
-1.686511
-1.687717
-1.696975
-1.700299
-1.701473
-1.702641
-1.704283
-1.705171
-1.705765
-1.708867
-1.709591
-1.714839
-1.717526
-1.721682
-1.729574
-1.732216
-1.734495
-1.741359
-1.742479
-1.743938
-1.747195
-1.747314
-1.748208
-1.748626
-1.751890
-1.758592
-1.758758
-1.759322
-1.760706
-1.761134
-1.763926
-1.764706
-1.764842
-1.767161
-1.769718
-1.770623
-1.772647
-1.772811
-1.776370
-1.776522
-1.778258
-1.780580
-1.786226
-1.786265
-1.786582
-1.786832
-1.789621
-1.791850
-1.795803
-1.796285
-1.800550
-1.802902
-1.805450
-1.810627
-1.810772
-1.812162
-1.817837
-1.818712
-1.824651
-1.826194
-1.828076
-1.833566
-1.838534
-1.838824
-1.841242
-1.842969
-1.843494
-1.845743
-1.845945
-1.847939
-1.849208
-1.851512
-1.851776
-1.853435
-1.857084
-1.857798
-1.859781
-1.861170
-1.861835
-1.861987
-1.863444
-1.864079
-1.864527
-1.865250
-1.866089
-1.869239
-1.871968
-1.873312
-1.873338
-1.875135
-1.878733
-1.880066
-1.881018
-1.881059
-1.882097
-1.883881
-1.884785
-1.885611
-1.885938
-1.885984
-1.895098
-1.902376
-1.902929
-1.905034
-1.905418
-1.908152
-1.909293
-1.910249
-1.912437
-1.914186
-1.915231
-1.915910
-1.917361
-1.917548
-1.918068
-1.919719
-1.919876
-1.926669
-1.927157
-1.937974
-1.938146
-1.938889
-1.939058
-1.940835
-1.944458
-1.949474
-1.953331
-1.956512
-1.956828
-1.958488
-1.960169
-1.960214
-1.962859
-1.965358
-1.965586
-1.965663
-1.965669
-1.969174
-1.974428
-1.983346
-1.987834
-1.992699
-1.995550
-1.998229
-1.999534
-2.004037
-2.009475
-2.009610
-2.012532
-2.020936
-2.022988
-2.023828
-2.024408
-2.026760
-2.027150
-2.038478
-2.042397
-2.051972
-2.054179
-2.054355
-2.056960
-2.058825
-2.061254
-2.069923
-2.071008
-2.071102
-2.076056
-2.080994
-2.087448
-2.091675
-2.091750
-2.096495
-2.103241
-2.105512
-2.106453
-2.108410
-2.112570
-2.113575
-2.117727
-2.119230
-2.120331
-2.127011
-2.130753
-2.131308
-2.134121
-2.151648
-2.162872
-2.166547
-2.167324
-2.172360
-2.174913
-2.175721
-2.175967
-2.176255
-2.182566
-2.188928
-2.190541
-2.191264
-2.191281
-2.194494
-2.198231
-2.198591
-2.202151
-2.203433
-2.205070
-2.216490
-2.233444
-2.237310
-2.237542
-2.238334
-2.239919
-2.254551
-2.256677
-2.257177
-2.258346
-2.265076
-2.281343
-2.284559
-2.288608
-2.294136
-2.300966
-2.306479
-2.322522
-2.324344
-2.324776
-2.344417
-2.375441
-2.376146
-2.380061
-2.383433
-2.385781
-2.398300
-2.399261
-2.407001
-2.407661
-2.409880
-2.411909
-2.414638
-2.417127
-2.417483
-2.427945
-2.433294
-2.443631
-2.444065
-2.475204
-2.545564
-2.550741
-2.552942
-2.564000
-2.570755
-2.636994
-2.637408
-2.656747
-2.673818
-2.705867
-2.780969
-2.857243
-2.859702
-2.967211
-3.261042
0.000559
0.000905
0.004701
0.015204
0.016443
0.018802
0.020996
0.023878
0.024089
0.024567
0.025730
0.026752
0.029971
0.030716
0.033260
0.035885
0.036906
0.037889
0.037998
0.040030
0.041977
0.047045
0.047084
0.049909
0.051782
0.057223
0.058048
0.064878
0.068813
0.070031
0.071009
0.071829
0.072030
0.073197
0.073944
0.074378
0.074413
0.074713
0.074881
0.079544
0.079734
0.080308
0.081438
0.081722
0.082449
0.083374
0.085438
0.088043
0.091969
0.093202
0.093309
0.095804
0.096757
0.098789
0.099913
0.100918
0.102749
0.103389
0.107227
0.108593
0.114211
0.118221
0.119499
0.120806
0.122116
0.124554
0.125527
0.126267
0.126710
0.133834
0.134500
0.135085
0.135127
0.137689
0.142405
0.144137
0.145579
0.146130
0.149072
0.149217
0.153598
0.156929
0.159495
0.162607
0.166352
0.166504
0.166518
0.172341
0.176461
0.177605
0.178091
0.178201
0.178249
0.179393
0.181704
0.183514
0.187090
0.187416
0.194739
0.196478
0.198574
0.206216
0.206236
0.207749
0.212984
0.214663
0.226964
0.228151
0.228218
0.231177
0.231667
0.234878
0.236530
0.245415
0.248711
0.250867
0.251798
0.255318
0.257223
0.258152
0.259409
0.269616
0.270353
0.275497
0.279495
0.286457
0.287869
0.292875
0.295002
0.296837
0.297296
0.297676
0.305545
0.313181
0.316300
0.326394
0.327648
0.328657
0.329964
0.330644
0.330978
0.331247
0.332665
0.363733
0.382539
0.382719
0.383133
0.387857
0.393313
0.394195
0.395207
0.398519
0.401179
0.413407
0.418430
0.445636
0.458921
0.468902
0.480392
0.512911
0.513993
0.544461
0.551217
0.652723
