-0.000641
-0.004199
-0.006150
-0.010644
-0.033366
-0.038243
-0.046172
-0.050430
-0.072054
-0.108024
-0.118142
-0.119702
-0.120101
-0.123345
-0.137280
-0.139808
-0.160003
-0.170315
-0.189836
-0.212509
-0.217815
-0.230605
-0.241107
-0.259169
-0.274771
-0.280253
-0.285138
-0.301883
-0.315114
-0.354888
-0.379422
-0.391572
-0.395397
-0.399634
-0.410696
-0.413524
-0.444137
-0.485223
-0.498074
-0.500164
-0.510528
-0.528970
-0.552071
-0.572856
-0.581743
-0.584861
-0.618058
-0.642782
-0.643704
-0.657430
-0.664994
-0.680845
-0.777986
-0.786635
-0.794942
-0.804253
-0.810410
-0.852716
-0.906995
-0.912480
-0.940878
-0.941130
-0.990892
-0.998601
-1.010439
-1.019419
-1.025758
-1.028538
-1.029834
-1.045154
-1.050611
-1.054668
-1.090751
-1.105479
-1.149583
-1.161697
-1.167799
-1.169288
-1.194311
-1.207484
-1.225810
-1.231987
-1.255135
-1.278354
-1.284090
-1.288161
-1.296050
-1.300084
-1.328535
-1.335128
-1.353999
-1.362977
-1.364033
-1.422626
-1.424880
-1.429726
-1.431217
-1.476227
-1.480224
-1.503931
-1.517678
-1.525489
-1.549751
-1.553191
-1.570835
-1.585707
-1.599418
-1.604160
-1.632038
-1.633503
-1.649516
-1.659422
-1.660998
-1.678114
-1.699372
-1.733476
-1.743167
-1.745867
-1.769480
-1.777357
-1.786966
-1.794269
-1.799290
-1.800509
-1.807796
-1.813042
-1.824470
-1.848277
-1.895822
-1.900798
-1.908898
-1.910596
-1.965481
-1.967977
-1.976893
-1.979424
-1.984351
-2.024456
-2.031183
-2.043608
-2.054100
-2.104732
-2.124732
-2.151177
-2.165318
-2.167249
-2.174196
-2.191132
-2.209714
-2.229881
-2.230813
-2.299735
-2.347440
-2.348775
-2.352292
-2.360809
-2.364067
-2.382610
-2.384463
-2.397896
-2.446407
-2.461874
-2.463371
-2.564017
-2.597037
-2.601226
-2.613636
-2.620696
-2.663409
-2.708474
-2.709416
-2.719524
-2.722725
-2.748535
-2.754224
-2.780606
-2.837461
-2.849373
-2.872738
-2.914495
-2.951373
-2.963917
-2.981447
-2.993274
-3.017336
-3.018346
-3.139091
-3.150346
-3.180944
-3.207887
-3.229697
-3.252314
-3.281589
-3.289325
-3.302248
-3.344111
-3.351100
-3.366468
-3.381249
-3.411309
-3.412954
-3.458409
-3.570045
-3.579621
-3.610994
-3.797693
-3.799172
-3.802271
-3.835535
-3.845718
-3.865858
-3.879767
-3.887944
-3.925226
-4.032152
-4.145742
-4.149944
-4.156597
-4.166186
-4.194889
-4.240087
-4.261874
-4.325246
-4.389675
-4.525779
-4.685636
-4.738289
-5.207265
-6.086838
-6.931033
0.003799
0.009782
0.026404
0.075645
0.082162
0.095220
0.098694
0.114044
0.115135
0.126296
0.134721
0.142417
0.149141
0.170781
0.182122
0.182563
0.261398
0.266146
0.279746
0.281941
0.284372
0.291066
0.347728
0.355768
0.372013
0.415341
0.420744
0.461047
0.465298
0.475437
0.493457
0.508865
0.512325
0.524887
0.534832
0.539267
0.540664
0.548028
0.585782
0.586318
0.594546
0.594954
0.638636
0.640183
0.656050
0.656431
0.656562
0.657760
0.659734
0.671151
0.692766
0.697994
0.707083
0.757735
0.779648
0.781290
0.782581
0.807870
0.814817
0.836434
0.874200
0.882076
0.882124
0.885068
0.904009
0.908585
0.919827
0.926568
0.929206
0.929561
0.945301
0.959589
0.970289
0.970730
1.004078
1.009256
1.011105
1.014585
1.019975
1.031799
1.048333
1.049065
1.069423
1.100127
1.119507
1.127040
1.148808
1.159139
1.179047
1.188517
1.195360
1.196840
1.199407
1.204795
1.229690
1.236546
1.243749
1.261286
1.265557
1.266475
1.268908
1.289718
1.293769
1.294135
1.296271
1.307242
1.310949
1.319142
1.319922
1.334905
1.361217
1.370303
1.371010
1.382662
1.393797
1.399837
1.408401
1.437119
1.438842
1.442765
1.450730
1.451321
1.452675
1.462871
1.464026
1.476993
1.482460
1.484702
1.486666
1.488582
1.489414
1.492283
1.500064
1.507190
1.518305
1.518538
1.523549
1.524142
1.530687
1.535784
1.540685
1.548640
1.552946
1.553243
1.557474
1.562658
1.574208
1.582779
1.588127
1.588342
1.598700
1.605987
1.615520
1.621673
1.621834
1.622080
1.623526
1.635301
1.649615
1.660022
1.677480
1.686703
1.689552
1.693268
1.694340
1.695231
1.701201
1.704105
1.722285
1.728513
1.737998
1.741160
1.746422
1.748021
1.749404
1.769687
1.775503
1.779048
1.779651
1.784347
1.786381
1.789446
1.806009
1.810470
1.834491
1.857730
1.858836
1.860907
1.861173
1.861923
1.864493
1.877192
1.877888
1.900107
1.900958
1.901794
1.908303
1.909246
1.921489
1.924595
1.932823
1.948276
1.987944
1.990469
1.995361
10.323322
10.585476
10.915440
2.004101
2.006557
2.013265
2.026319
2.029318
2.031478
2.031858
2.055740
2.058730
2.064877
2.070541
2.073741
2.077892
2.078459
2.080988
2.086256
2.088035
2.089263
2.090520
2.106502
2.122443
2.123636
2.124680
2.135129
2.135181
2.140908
2.141215
2.142357
2.147776
2.150065
2.150950
2.155673
2.160002
2.163641
2.164008
2.167402
2.180710
2.184497
2.188724
2.195042
2.200445
2.206371
2.210039
2.214145
2.216323
2.228497
2.229415
2.248590
2.254710
2.258530
2.268643
2.270339
2.275244
2.283070
2.295556
2.301984
2.307796
2.310277
2.317480
2.320209
2.323069
2.323452
2.332725
2.333810
2.340261
2.355392
2.358619
2.370284
2.375207
2.391348
2.398846
2.415423
2.417341
2.417444
2.423304
2.423831
2.428237
2.436694
2.436910
2.437295
2.439067
2.441506
2.459188
2.465249
2.485180
2.485539
2.485731
2.486988
2.496391
2.513943
2.514563
2.518063
2.520107
2.523147
2.525922
2.530957
2.532261
2.534702
2.538602
2.544251
2.544288
2.545521
2.553398
2.554352
2.581106
2.581788
2.591458
2.618854
2.631740
2.633870
2.637098
2.641129
2.644302
2.645108
2.651967
2.658413
2.672042
2.674270
2.686135
2.690289
2.693694
2.699543
2.701200
2.702105
2.708834
2.731490
2.751771
2.752437
2.769704
2.771065
2.775845
2.784325
2.793331
2.795812
2.797421
2.810406
2.811248
2.813251
2.815906
2.828347
2.830802
2.842284
2.847223
2.848810
2.854202
2.857590
2.868043
2.872279
2.878383
2.884878
2.888151
2.891215
2.900099
2.903114
2.908068
2.922040
2.931328
2.936154
2.939623
2.952432
2.954083
2.961583
2.976987
2.989798
2.989983
2.992479
2.997221
2.998357
3.001301
3.031045
3.036606
3.038941
3.041207
3.047109
3.056566
3.063834
3.066726
3.069340
3.082912
3.084606
3.089431
3.089463
3.090021
3.090163
3.094214
3.095975
3.097821
3.098980
3.103229
3.108642
3.117583
3.126570
3.129054
3.130287
3.144821
3.149223
3.158420
3.172407
3.181145
3.195188
3.203029
3.238065
3.240518
3.245208
3.268900
3.270003
3.276830
3.280074
3.305566
3.306468
3.312038
3.318390
3.319519
3.320750
3.323532
3.324763
3.324919
3.338970
3.339608
3.340771
3.347093
3.372671
3.377427
3.385250
3.386354
3.421133
3.425371
3.437327
3.437573
3.439399
3.440146
3.465502
3.468423
3.471495
3.475113
3.477614
3.490702
3.494436
3.532144
3.535109
3.542375
3.561160
3.561773
3.608281
3.609639
3.616584
3.623343
3.627132
3.631661
3.636279
3.639732
3.643464
3.644953
3.664803
3.680673
3.681115
3.684724
3.693994
3.694172
3.694279
3.703796
3.716868
3.728666
3.730947
3.735109
3.736322
3.740625
3.746818
3.751670
3.762526
3.767982
3.784753
3.810111
3.820832
3.825457
3.845685
3.849955
3.860873
3.874626
3.875348
3.880926
3.883887
3.887759
3.898486
3.901690
3.910885
3.913470
3.914212
3.945218
3.950699
3.955153
3.961346
4.006311
4.011566
4.013871
4.023544
4.045920
4.072194
4.095021
4.102791
4.105043
4.120696
4.150283
4.155854
4.157268
4.183471
4.188187
4.217439
4.221234
4.225047
4.226423
4.234831
4.241577
4.244176
4.245837
4.251346
4.253772
4.260050
4.261361
4.272060
4.299256
4.306901
4.310680
4.312003
4.313100
4.333497
4.350395
4.352573
4.371338
4.375655
4.376376
4.378893
4.400976
4.411021
4.451985
4.468258
4.470913
4.472810
4.474765
4.479865
4.482468
4.504076
4.515101
4.537832
4.577246
4.589726
4.596831
4.624836
4.641634
4.681656
4.689495
4.707640
4.714727
4.720286
4.751648
4.760486
4.786981
4.841513
4.842349
4.850041
4.862151
4.870421
4.874796
4.876963
4.920282
4.923941
4.925684
4.934208
4.936059
4.937842
4.950793
4.952609
4.953733
4.954281
4.955282
4.986765
4.988229
5.000891
5.003445
5.010871
5.044070
5.055458
5.060655
5.071002
5.082295
5.084999
5.092231
5.096976
5.102097
5.168452
5.197251
5.203624
5.212295
5.220622
5.232002
5.241467
5.260072
5.286407
5.292911
5.293924
5.304925
5.306709
5.373457
5.384887
5.411573
5.415233
5.423912
5.429402
5.435466
5.438267
5.452393
5.460326
5.463283
5.465820
5.468842
5.476967
5.510419
5.539135
5.566933
5.583589
5.618291
5.629658
5.632657
5.634252
5.645144
5.708901
5.710814
5.713973
5.714258
5.715542
5.721239
5.738252
5.745850
5.751041
5.760594
5.789528
5.799534
5.808446
5.815067
5.821484
5.822273
5.825792
5.833403
5.856108
5.889344
5.910348
5.969911
5.974827
5.999142
6.020313
6.039572
6.044334
6.058205
6.071208
6.081209
6.092214
6.130587
6.159979
6.170971
6.184538
6.191553
6.193014
6.193452
6.205580
6.214130
6.224873
6.230607
6.257260
6.273779
6.275289
6.276518
6.282448
6.284099
6.289605
6.292374
6.319879
6.340172
6.350772
6.366209
6.368876
6.376965
6.385051
6.391406
6.398542
6.441797
6.483211
6.535491
6.547825
6.556647
6.585666
6.596200
6.618011
6.618080
6.640480
6.641393
6.644709
6.664311
6.667148
6.682058
6.708266
6.735740
6.743097
6.744333
6.745926
6.807562
6.836947
6.852658
6.859722
6.872517
6.873210
6.903313
6.956500
6.961480
6.979442
6.988794
7.074068
7.126024
7.137855
7.149173
7.154052
7.196893
7.259869
7.289473
7.309172
7.313648
7.339691
7.408311
7.446691
7.447481
7.449963
7.513529
7.517836
7.546936
7.591360
7.617981
7.620816
7.764100
7.813247
7.855539
7.873553
7.907619
7.909533
7.910282
7.966809
8.187083
8.252120
8.261394
8.303547
8.322196
8.353827
8.426608
8.573570
8.812390
8.860109
8.937868
9.054313
9.078508
9.198774
9.326903
9.661715
9.814063
9.826637
